2000
2166
2327
2480
2619
2740
2842
2920
2972
2997
2995
2965
2908
2825
2720
2595
2453
2299
2137
1970
1804
1644
1494
1358
1239
1142
1068
1021
1000
1008
1043
1104
1190
1299
1428
1572
1728
1892
2058
2223
2382
2530
2664
2779
2872
2941
2984
2999
2987
2947
2881
2791
2678
2547
2400
2242
2078
1911
1747
1590
1444
1314
1202
1113
1048
1010
1000
1017
1061
1132
1226
1343
1477
1626
1785
1950
2117
2280
2436
2579
2707
2814
2899
2959
2993
2998
2976
2927
2852
2753
2634
2497
2346
2185
2019
1853
1690
1537
1396
1272
1168
1087
1032
1003
1003
1029
1083
1163
1265
1388
1528
1681
1843
2009
2175
2336
2488
2626
2747
2847
2923
2974
2998
2994
2962
2903
2820
2714
2587
2445
2290
2127
1960
1795
1635
1485
1350
1233
1137
1065
1019
1000
1009
1045
1108
1196
1306
1436
1581
1738
1901
2068
2233
2391
2539
2671
2785
2877
2944
2986
3000
2986
2944
2877
2785
2671
2539
2391
2233
2068
1901
1738
1581
1436
1306
1196
1108
1045
1009
1000
1019
1065
1137
1233
1350
1485
1635
1795
1960
2127
2290
2445
2587
2714
2820
2903
2962
2994
2998
2974
2923
2847
2747
2626
2488
2336
2175
2009
1843
1681
1528
1388
1265
1163
1083
1029
1003
1003
1032
1087
1168
1272
1396
1537
1690
1853
2019
2185
2346
2497
2634
2753
2852
2927
2976
2998
2993
2959
2899
2814
2707
2579
2436
2280
2117
1950
1785
1626
1477
1343
1226
1132
1061
1017
1000
1010
1048
1113
1202
1314
1444
1590
1747
1911
2078
2242
2400
2547
2678
2791
2881
2947
2987
2999
2984
2941
2872
2779
2664
2530
2382
2223
2058
1892
1728
1572
1428
1299
1190
1104
1043
1008
1000
1021
1068
1142
1239
1358
1494
1644
1804
1970
2137
2299
2453
2595
2720
2825
2908
2965
2995
2997
2972
2920
2842
2740
2619
2480
2327
2166
2000
1833
1672
1519
1380
1259
1157
1079
1027
1002
1004
1034
1091
1174
1279
1404
1546
1700
1862
2029
